1 3 6
2 2 3
3 2 3
4 3 6
5 1 3
6 2 3
7 3
8 3 5
9 1 6
10 1 3
11 
12 1 6
13 2 6
14 1 3
15 2 3
16 2 5
17 2 6
18 3 6
19 2 3
20 3 6
21 2 6
22 2 3
23 1 2
24 1 2
25 2 5
26 2 3
27 1 3
28 6 7
29 2 5
30 2 3
31 1 2
32 2 3
33 2 6
34 3 6
35 1 3
36 1 4
37 1 2
38 2 5
39 1 3
40 2 3
41 1 2
42 1 2
43 1 6
44 3 4
45 2 6
46 1 3
47 2 3
48 1 7
49 6 7
50 1 3
51 1 3
52 2 3
53 2 3
54 3 6
55 3 6
56 2 3
57 2 3
58 2 3
59 1 2
60 2 6
61 3 6
62 2 6
63 2 3
64 1 3
65 2 3
66 2 3
67 1 3
68 2 3
69 6 7
70 3 4
71 1 3
72 3 6
73 2 5
74 3 4
75 3 4
76 3 4
77 2 6
78 2 5
79 1 3
80 3 6
81 1 3
82 5 6
83 6 7
84 2 7
85 1 3
86 1 3
87 2 3
88 3 5
89 3 4
90 3 6
91 
92 
93 2 4
94 2 6
95 3 7
96 1 3
97 1 2
98 3 4
99 1 2
100 1 2
101 1 2
102 3 6
103 1 6
104 1 2
105 2 5
106 2 6
107 3 6
108 1 2
109 1 2
110 2 6
111 1
112 
113 3 6
114 1 2
115 2 6
116 3 4
117 2 6
118 1 2
119 2 6
120 6 7
121 3 6
122 3 6
123 5 6
124 2 6
125 1 2
126 2 5
127 2 3
128 1 3
129 1 3
130 2 6
131 2 3
132 2 3
133 2 3
134 2 3
135 1 3
136 2 4
137 1 3
138 3 6
139 3 7
140 3 6
141 
142 2 6
143 2 6
144 2 3
145 2 4
146 2 6
147 2 6
148 4 6
149 3 4
150 2 5
151 3 6
152 2 7
153 3 6
154 2 4
155 2 5
156 1 6
157 
158 2 6
159 2 3
160 2 3
161 1 3
162 1 3
163 1 2
164 1 3
165 1 6
166 3 6

2045
